0.000000000000000000e+00
1.404541995658797937e+01
7.269696677304869681e+00
3.987438748362759355e+01
3.405509692576431746e+01
4.563372589340314534e+01
5.535626932047039617e+01
6.914282846520586645e+01
6.992798202063497115e+01
6.786891644276265367e+01
6.304938123420688356e+01
5.566540399161343800e+01
5.955027626725266998e+01
5.095663399938305815e+01
2.157463122430537794e+01
2.798542155901067474e+01
1.454217209833337598e+01
5.074409027815243167e-01
-1.354792971468707918e+01
-2.705225796259659887e+01
-3.945627489773984564e+01
-5.025546514190492076e+01
-5.901058731232828336e+01
-6.536553952715998150e+01
-6.935272701039740184e+01
-6.994915693794496292e+01
-6.003470276916362280e+01
-5.159089308232393023e+01
-5.597161339291981363e+01
-4.639849038846743667e+01
-1.545221821885443347e+01
-2.205680234260352535e+01
-8.278300118341077152e+00
2.619058613998539897e+01
1.971471216788939884e+01
4.960247583894527423e+01
4.453287007518338214e+01
5.446378322080725809e+01
6.217946106530529704e+01
6.997846386202782298e+01
6.820694926328749830e+01
6.366121603971237164e+01
6.620327637970929402e+01
4.709197524935853352e+01
3.574239749319980319e+01
4.145865459522133989e+01
9.202689205007089868e+00
1.594673521806629779e+01
-1.881901881372688479e+01
-1.213324407828353735e+01
-4.381011478095113176e+01
-5.387369262108336443e+01
-6.174603623842236999e+01
-6.710694948697106099e+01
-6.483682218087865579e+01
-6.953331297184374193e+01
-6.998921155699497376e+01
-6.076204185314447415e+01
-5.255260148386178543e+01
-5.682398150525143166e+01
-4.746618158344183769e+01
-1.685248545544798304e+01
-2.341786770351000513e+01
-9.705483994316569607e+00
2.485053973149994988e+01
3.747570859208529725e+01
4.857660742039393398e+01
4.341319201968805430e+01
5.354827748982514635e+01
6.150536452513034646e+01
6.999936864609735210e+01
6.851615377383137684e+01
6.424614383222893821e+01
5.736301527561283820e+01
4.814672936372492273e+01
3.697214514398970664e+01
2.429377260405516381e+01
3.059926022302211379e+01
-3.471449760917163729e+00
3.384391652130685380e+00
-3.067763036150314448e+01
-2.437549885797558247e+01
-5.294348983240743678e+01
-4.820996257873956381e+01
-5.741292544922287533e+01
-6.428070094059245321e+01
-6.853395225674249502e+01
-6.999968457610708583e+01
-6.861828136483849505e+01
-6.444592919275847009e+01
-5.765233242621351195e+01
-3.143448256366430726e+01
-1.824562983022320850e+01
-4.314662596081100254e+00
-1.112856575600408782e+01
2.349999000817171080e+01
1.693707136042971939e+01
3.022070991253508865e+01
5.687483832930593763e+01
6.390616755093393664e+01
